0100100100000000000000000000000000000000000000000000
0000100100000110001000000010000000000000000000000000
0000111011000000000100000011010100000000000000000000
0000110001000000000100000011010100000000000000000000
0110101000000000000000000000000000000000000000000000
0000100100000110001000000010000001000000000000000000
0000110011000000000100000011010100000100000000000000
0000101111000000000100000011010100000100000000000000
0001011011000000000100000101000100000000000000000000
0000100100000110001000000010000010000000000000000000
0000000000000000000000000000000000000000000000000000
0000000000000000000000000000000000000000000000000000
0000100100000001000001000011000000000000000000000000
0000100100000110000010000010000000000000000000000000
0000100100000100000100000000100100000100000000000000
0000111001000000000100000000000000000000000000000000
0010100000000000000000000000000000111001000000000000
0010100010000000000000000000000000110001000000000000
0001000011000001100000000000000000000010000000000000
0001000011000001100000000000000000000010000000000000
0000100100000101100001001011000000000000000000000000
0000100100000101100001001000110000000100000000000000
0000100100000001000001000000100000000100000000000000
0000100000100000001000000000000011001000000000000000
0000100010100000001000000000000011000000000000000000
0010110010100000000000000000000000101001000000000000
0001000100000000001000000100000011000000000000100000
0000100100000110010000000000000000001000000000000000
0010111000100100100000001000000000101000000000000000
0010111010100000000000000000000000100001000000000000
0000100100000001010000100000000000001000000000000000
0000100100000110010000000000000000000000000000000000
1000000000001000000000000000000000000001000000000000
0011000010100000000000000000000000101001000000000000
0001001000000100000000010000000000000000000110000000
0001000000010000010000000000000000001000000000000000
0001001011000000000100000101000100000000000000000000
0001101000100000000000000000000000001000000000001110
0001001111000000000100000101000100000000000000000000
0001010010100000100000000000000000001000000000000000
0001101011000000000100000101000100000000000000000000
0011010010000000000000000000000000111000000000000000
0000000000000000000000000000000000000000000000000000
0001110001000000000100000000001000000000000000000000
0000000000000000000000000000000000000000000000000000
0011011010100000000000000000000000101000000000000000
0000000000000000000000000000000000000000000000000000
0001100000000100000000010000000000000000001001000000
0001010000000001010000100000000000001000010000000000
0001100100000010010000000000000000001000000000000101
0000100100000100000000010000000000000000001000000000
0001100010000000001000000100000011000000000000010000
0011101000000000000000000000000000111000000000000000
0011101010100000000000000000000000101000000000000000
0001001100000100000000010000000000000000001010000000
0001100110000100000000010000000000000000001001000000
0011110000100000000000000000000000101000000000000000
0000000000000000000000000000000000000000000000000000
0000100100000001010000100000000000001000100000000000
0000000000000000000000000000000000000000000000000000
0000000000000000000000000000000000000000000000000000
0000000000000000000000000000000000000000000000000000
0000000000000000000000000000000000000000000000000000
0000000000000000000000000000000000000000000000000000