01001001000000000000000000000000000000000000000000000000000
00001001000001100010000000100000000000000000000000000000000
00001110110000000001000000110101000000000000000000001000010
00001100010000000001000000110101000000000000000000001000010
01101010000000000000000000000000000000000000000000000000000
00001001000001100010000000100000010000000000000000000000000
00001100110000000001000000110101000001000000000000001000010
00001011110000000001000000110101000001000000000000001000010
00010110110000000001000001010001000000000000000000000000000
00001001000001100010000000100000100000000000000000000000000
00000000000000000000000000000000000000000000000000000000000
00000000000000000000000000000000000000000000000000000000000
00001001000000010000010000110000000000000000000000000000000
00001001000001100000100000100000000000000000000000000000000
00001001000001000001000000001001000001000000000000000000000
00001110010000000001000000000000000000000000000000000000000
00101000000000000000000000000000001110000000000000000000000
00101000100000000000000000000000001100000000000000000000000
00010000110000011000000000000000000000100000000000001000010
00010000110000011000000000000000000000100000000000001000010
00001001000001011000010010110000000000000000000000000000000
00001001000001011000010010001100000001000000000000000000000
00001001000000010000010000001000000001000000000000000000000
00001000001000000010000000000000110010000000000000000000000
00001000101000000010000000000000110000000000000000000000000
00101100101000000000000000000000001010000000000000000000000
00010001000000000010000001000000110000000000001000000000000
00001001000001100100000000000000000010000000000000000000000
00101110001001001000000010000000001010000000000000000000000
00101110101000000000000000000000001000000000000000000000000
00001001000000010100001000000000000010000000000000000000000
00001001000001100100000000000000000000000000000000000000000
10000000000010000000000000000000000000010000000000000000000
00110000101000000000000000000000001010000000000000000000000
00010010000001000000000100000000000000000001100000000000000
00010000000100000100000000000000000010000000000000000000000
00010010110000000001000001010001000000000000000000000000000
00011010001000000000000000000000000010000000000011100000000
00010011110000000001000001010001000000000000000000000000000
00010100101000001000000000000000000010000000000000000000000
00011010110000000001000001010001000000000000000000000000000
00110100100000000000000000000000001110000000000000000000000
00000000000000000000000000000000000000000000000000000000000
00011100010000000001000000000010000000000000000000000000000
00000000000000000000000000000000000000000000000000000000000
00110110101000000000000000000000001010000000000000000000000
00000000000000000000000000000000000000000000000000000000000
00011000000001000000000100000000000000000010010000000000000
00010100000000010100001000000000000010000100000000000000000
00011001000000100100000000000000000010000000000001010000000
00001001000001000000000100000000000000000010000000000000000
00011000100000000010000001000000110000000000000100000000000
00111010000000000000000000000000001110000000000000000000000
00111010101000000000000000000000001010000000000000000000000
00010011000001000000000100000000000000000010100000000000000
00011001100001000000000100000000000000000010010000000000000
00111100001000000000000000000000001010000000000000000000000
00000000000000000000000000000000000000000000000000000000000
00001001000000010100001000000000000010001000000000000000000
00011110010000000000000000000000000000010000000000000010000
00111110001000000000000000000000001010000000000000000000000
00111110100000000000000000000000001110000000000000000000000
00011110101000000000000000000000000000000000000000000001001
00000000010000000000000000000000000000000000000000000110100